0.001   0.001515152
0.025   -0.018181818
0.055   -0.036363636
0.068   -0.046969697
0.103   -0.065151515
0.143   -0.083333333
0.172   -0.096969697
0.213   -0.115151515
0.248   -0.131818182
0.282   -0.146969697
0.328   -0.160606061
0.36    -0.172727273
0.396   -0.183333333
0.425   -0.187878788
0.456   -0.192424242
0.494   -0.190909091
0.526   -0.183333333
0.561   -0.174242424
0.59    -0.160606061
0.618   -0.140909091
0.638   -0.124242424
0.664   -0.101515152
0.685   -0.077272727
0.707   -0.053030303
0.725   -0.027272727
0.747   2.22045E-16
0.771   0.034848485
0.787   0.068181818
0.809   0.103030303
0.825   0.142424242
0.841   0.184848485
0.857   0.233333333
0.873   0.283333333
0.888   0.334848485
0.898   0.381818182
0.911   0.437878788
0.922   0.487878788
0.932   0.539393939
0.941   0.590909091
0.949   0.633333333
0.956   0.681818182
0.963   0.734848485
0.97    0.78030303
0.976   0.822727273
0.983   0.871212121
0.991   0.924242424
1.001   0.977272727
