TRANS ALL
H                0   145.000    2.050    0.000    0.000    0.000          
H2               1    38.000    2.920    0.000    0.790  280.000          
O                0    80.000    2.750    0.000    0.000    0.000          
O2               1   107.400    3.458    0.000    1.600    3.800          
OH               1    80.000    2.750    0.000    0.000    0.000          
H2O              2   572.400    2.605    1.844    0.000    4.000          
HO2              2   107.400    3.458    0.000    0.000    1.000          
H2O2             2   107.400    3.458    0.000    0.000    3.800          
CO               1    98.100    3.650    0.000    1.950    1.800          
CO2              1   244.000    3.763    0.000    2.650    2.100          
CH2O             2   498.000    3.590    0.000    0.000    2.000          
HCO              2   498.000    3.590    0.000    0.000    0.000          
HO2CHO           2   436.000    3.970    0.000    0.000    2.000          
O2CHO            2   436.000    3.970    0.000    0.000    2.000          
OCHO             2   498.000    3.590    0.000    0.000    2.000          
CH2OH            2   417.000    3.690    1.700    0.000    2.000          
CH3O             2   417.000    3.690    1.700    0.000    2.000          
CH3O2H           2   481.800    3.626    0.000    0.000    1.000          
CH3O2            2   481.800    3.626    0.000    0.000    1.000          
CH4              2   141.400    3.746    0.000    2.600   13.000          
CH3              1   144.000    3.800    0.000    0.000    0.000          
CH2              1   144.000    3.800    0.000    0.000    0.000          
CH2(S)           1   144.000    3.800    0.000    0.000    0.000          
C2H6             2   247.500    4.350    0.000    0.000    1.500          
C2H5             2   247.500    4.350    0.000    0.000    1.500          
C2H4             2   238.400    3.496    0.000    0.000    1.500          
C2H3             2   265.300    3.721    0.000    0.000    1.000          
C2H2             1   265.300    3.721    0.000    0.000    2.500          
CH3CHO           2   436.000    3.970    0.000    0.000    2.000          
CH3CO            2   436.000    3.970    0.000    0.000    2.000          
CH2CO            2   314.300    4.191    1.400    0.000    2.000          
HCCO             2   150.000    2.500    0.000    0.000    1.000          
C2H5O            2   470.600    4.410    0.000    0.000    1.500          
C2H5O2           2   470.600    4.410    0.000    0.000    1.500          
C2H3O1-2         2   436.000    3.970    0.000    0.000    2.000          
CH3COCH3         2   435.500    4.860    0.000    0.000    1.000          
CH3COCH2         2   435.500    4.860    0.000    0.000    1.000          
C2H3CHO          2   428.800    4.958    2.900    0.000    1.000          
C2H3CO           2   443.200    4.120    0.000    0.000    1.000          
C2H5CO           2   424.600    4.820    0.000    0.000    1.000          
IC3H7            2   303.400    4.810    0.000    0.000    1.000          
C3H6             2   307.800    4.140    0.000    0.000    1.000          
C3H5-A           2   316.000    4.220    0.000    0.000    1.000          
C3H5-S           2   316.000    4.220    0.000    0.000    1.000          
C3H5-T           2   316.000    4.220    0.000    0.000    1.000          
C3H4-P           1   324.800    4.290    0.000    0.000    1.000          
C3H4-A           1   324.800    4.290    0.000    0.000    1.000          
C3H3             1   324.800    4.290    0.000    0.000    1.000          
C3H2             2   209.000    4.100    0.000    0.000    1.000          
C3H5O            2   411.000    4.820    0.000    0.000    1.000          
C3H6OOH2-1       2   435.200    4.662    2.700    0.000    1.000          
C3H6OOH2-1O2     2   435.200    4.662    2.700    0.000    1.000          
IC3H7O2          2   459.500    5.036    1.700    0.000    1.000          
C3KET21          2   464.200    5.009    2.600    0.000    1.000          
CH3CHCO          2   443.200    4.120    0.000    0.000    1.000          
SC4H9            2   352.000    5.240    0.000    0.000    1.000          
IC4H9            2   352.000    5.240    0.000    0.000    1.000          
TC4H9            2   352.000    5.240    0.000    0.000    1.000          
IC4H8            2   344.500    5.089    0.500    0.000    1.000          
IC4H7            2   355.000    4.650    0.000    0.000    1.000          
TC4H9O2          2   502.252    5.430    0.000    0.000    0.000          
IC4H9O2          2   502.252    5.430    0.000    0.000    0.000          
IC4H8O2H-I       2   502.200    5.356    1.800    0.000    1.000          
TC4H9O           2   496.000    5.200    0.000    0.000    1.000          
TC4H9O2H         2   505.540    5.450    0.000    0.000    0.000          
IC4H7O           2   496.000    5.200    0.000    0.000    1.000          
IC3H7CHO         2   436.400    5.352    0.000    0.000    1.000          
TC3H6CHO         2   436.400    5.352    0.000    0.000    1.000          
IC4H8OOH-IO2     2   600.078    6.009    0.000    0.000    0.000          
IC4KETII         2   549.655    5.716    0.000    0.000    0.000          
IC4H7OH          2   502.200    5.356    1.800    0.000    1.000          
IC4H6OH          2   502.200    5.356    1.800    0.000    1.000          
IC3H5CHO         2   436.400    5.352    0.000    0.000    1.000          
IC3H5CO          2   436.400    5.352    0.000    0.000    1.000          
TC3H6OCHO        2   436.400    5.352    0.000    0.000    1.000          
IC3H6CO          2   436.400    5.352    0.000    0.000    1.000          
IC4H7OOH         2   498.949    5.410    0.000    0.000    0.000          
TC3H6O2CHO       2   436.400    5.352    0.000    0.000    1.000          
CH2CCH2OH        2   481.500    4.997    1.700    0.000    1.000          
BC5H11           2   523.200    5.664    1.700    0.000    1.000          
AC5H10           2   386.600    5.532    0.500    0.000    1.000          
BC5H10           2   391.400    5.550    0.000    0.000    1.000          
CC5H10           2   372.100    5.446    0.000    0.000    1.000          
AC5H9-C          2   386.600    5.532    0.500    0.000    1.000          
CC5H9-B          2   386.600    5.532    0.500    0.000    1.000          
AC5H9O-C         2   430.100    5.833    0.000    0.000    1.000          
CC5H9O-B         2   397.900    5.767    0.000    0.000    1.000          
CH3CHCHO         2   387.860    4.687    0.000    0.000    0.000          
BC6H12           2   430.100    5.833    0.000    0.000    1.000          
CC6H12           2   430.100    5.833    0.000    0.000    1.000          
C5H10-2          2   396.800    5.458    0.000    0.000    1.000          
IC4H7-I1         2   380.022    4.633    0.000    0.000    0.000          
YC7H15           2   437.300    6.168    0.000    0.000    1.000          
XC7H14           2   439.200    6.151    0.000    0.000    1.000          
YC7H14           2   439.200    6.151    0.000    0.000    1.000          
XC7H13-Z         2   439.200    6.151    0.000    0.000    1.000          
YC7H13-Y2        2   439.200    6.151    0.000    0.000    1.000          
YC7H13O-Y2       2   561.0      6.317    1.7      0.0      1.0          
YC7H15O2         2   561.000    6.317    1.700    0.000    1.000          
ACC6H10          2   426.300    5.510    0.000    0.000    1.000          
ACC6H9-A         2   426.300    5.510    0.000    0.000    1.000          
ACC6H9-D         2   426.300    5.510    0.000    0.000    1.000          
NEOC5H11         2   357.800    5.550    0.000    0.000    1.000          
NEOC5H11O2       2   357.800    5.550    0.000    0.000    1.000          
NEOC5H10OOH      2   357.800    5.550    0.000    0.000    1.000          
TC4H9CHO         2   476.000    5.778    2.600    0.000    1.000          
TC4H9CO          2   476.000    5.778    2.600    0.000    1.000          
IC8H18           2   458.500    6.414    0.000    0.000    1.000          
AC8H17           2   458.500    6.414    0.000    0.000    1.000          
BC8H17           2   458.500    6.414    0.000    0.000    1.000          
CC8H17           2   458.500    6.414    0.000    0.000    1.000          
DC8H17           2   458.500    6.414    0.000    0.000    1.000          
IC8H16           2   485.600    6.440    0.300    0.000    1.000          
JC8H16           2   485.600    6.440    0.300    0.000    1.000          
AC8H17O2         2   581.300    6.506    2.000    0.000    1.000          
BC8H17O2         2   581.300    6.506    2.000    0.000    1.000          
CC8H17O2         2   581.300    6.506    2.000    0.000    1.000          
DC8H17O2         2   581.300    6.506    2.000    0.000    1.000          
CC8H17O2H        2   581.300    6.506    2.000    0.000    1.000          
CC8H17O          2   581.300    6.506    2.000    0.000    1.000          
AC8H16OOH-A      2   581.300    6.506    2.000    0.000    1.000          
AC8H16OOH-B      2   581.300    6.506    2.000    0.000    1.000          
AC8H16OOH-C      2   581.300    6.506    2.000    0.000    1.000          
BC8H16OOH-A      2   581.300    6.506    2.000    0.000    1.000          
BC8H16OOH-D      2   581.300    6.506    2.000    0.000    1.000          
CC8H16OOH-A      2   581.300    6.506    2.000    0.000    1.000          
DC8H16OOH-C      2   581.300    6.506    2.000    0.000    1.000          
DC8H16OOH-B      2   581.300    6.506    2.000    0.000    1.000          
IC8ETERAB        2   581.300    6.506    2.000    0.000    1.000          
IC8ETERAC        2   581.300    6.506    2.000    0.000    1.000          
IC8ETERBD        2   581.300    6.506    2.000    0.000    1.000          
AC8H16OOH-BO2    2   581.300    6.506    2.000    0.000    1.000          
BC8H16OOH-AO2    2   581.300    6.506    2.000    0.000    1.000          
BC8H16OOH-DO2    2   581.300    6.506    2.000    0.000    1.000          
CC8H16OOH-AO2    2   581.300    6.506    2.000    0.000    1.000          
DC8H16OOH-BO2    2   581.300    6.506    2.000    0.000    1.000          
IC8KETAB         2   581.300    6.506    2.000    0.000    1.000          
IC8KETBA         2   581.300    6.506    2.000    0.000    1.000          
IC8KETBD         2   581.300    6.506    2.000    0.000    1.000          
IC8KETDB         2   581.300    6.506    2.000    0.000    1.000          
IC3H7COC3H6-T    2   561.000    6.317    1.700    0.000    1.000          
TC4H9COC2H4S     2   561.000    6.317    1.700    0.000    1.000          
N2               1    97.530    3.621    0.000    1.760    4.000          
END
