TRANS ALL
H                  0   145.000     2.050     0.000     0.000     0.000          
H2                 1    38.000     2.920     0.000     0.790   280.000          
O                  0    80.000     2.750     0.000     0.000     0.000          
O2                 1   107.400     3.458     0.000     1.600     3.800          
OH                 1    80.000     2.750     0.000     0.000     0.000          
H2O                2   572.400     2.605     1.844     0.000     4.000          
HO2                2   107.400     3.458     0.000     0.000     1.000          
H2O2               2   107.400     3.458     0.000     0.000     3.800          
CO                 1    98.100     3.650     0.000     1.950     1.800          
CO2                1   244.000     3.763     0.000     2.650     2.100          
CH2O               2   498.000     3.590     0.000     0.000     2.000          
HCO                2   498.000     3.590     0.000     0.000     0.000          
HOCHO              2   436.000     3.970     0.000     0.000     2.000          
CH3OH              2   481.800     3.626     0.000     0.000     1.000          
CH3O2H             2   481.800     3.626     0.000     0.000     1.000          
CH3O2              2   481.800     3.626     0.000     0.000     1.000          
CH4                2   141.400     3.746     0.000     2.600    13.000          
CH3                1   144.000     3.800     0.000     0.000     0.000          
C2H6               2   247.500     4.350     0.000     0.000     1.500          
C2H5               2   247.500     4.350     0.000     0.000     1.500          
C2H4               2   238.400     3.496     0.000     0.000     1.500          
C2H3               2   265.300     3.721     0.000     0.000     1.000          
C2H2               1   265.300     3.721     0.000     0.000     2.500          
CH3CHO             2   436.000     3.970     0.000     0.000     2.000          
CH2CHO             2   436.000     3.970     0.000     0.000     2.000          
CH2CO              2   436.000     3.970     0.000     0.000     2.000          
HCCO               2   150.000     2.500     0.000     0.000     1.000          
CH3CO3             2   436.000     3.970     0.000     0.000     2.000          
C2H5O2H            2   470.600     4.410     0.000     0.000     1.500          
C2H5O2             2   470.600     4.410     0.000     0.000     1.500          
CH3COCH3           2   435.500     4.860     0.000     0.000     1.000          
CH3COCH2O2            2   502.115     5.429     0.000     0.000     0.000          
CH3COCH2O2H           2   505.403     5.449     0.000     0.000     0.000          
C2H3CHO               2   428.8   4.958   2.9 0.0 1.0          
C2H3CO             2   443.200     4.120     0.000     0.000     1.000          
C2H5CHO               2   435.2   4.662   2.7 0.0 1.0          
C3H6               2   307.800     4.140     0.000     0.000     1.000          
C3H5-A             2   316.000     4.220     0.000     0.000     1.000          
C3H4-P             1   324.800     4.290     0.000     0.000     1.000          
C3H4-A             1   324.800     4.290     0.000     0.000     1.000          
C3H3               1   324.800     4.290     0.000     0.000     1.000          
NC3H7O2               2   481.5   4.997   1.7 0.0 1.0          
IC3H7O2               2   459.5   5.036   1.7 0.0 1.0          
CH3CHCO            2   443.200     4.120     0.000     0.000     1.000          
C4H8-1             2   355.000     4.650     0.000     0.000     1.000          
SC4H9              2   352.000     5.240     0.000     0.000     1.000          
C4H71-3            2   355.000     4.650     0.000     0.000     1.000          
C4H6               2   357.000     4.720     0.000     0.000     1.000          
PC4H9O2            2   496.000     5.200     0.000     0.000     1.000          
C2H5COCH2             2   454.0   5.413   3.3 0.0 1.0          
NC3H7CHO              2   464.2   5.009   2.6 0.0 1.0          
IC4H8                 2   344.5   5.089   0.5 0.0 1.0          
IC4H7              2   355.000     4.650     0.000     0.000     1.000          
TC4H9O2               2   502.252     5.430     0.000     0.000     0.000          
IC4H9O2               2   502.252     5.430     0.000     0.000     0.000          
IC3H7CHO              2   436.4   5.352   0.0 0.0 1.0          
TC3H6CHO              2   436.4   5.352   0.0 0.0 1.0          
IC4H8OOH-IO2          2   600.078     6.009     0.000     0.000     0.000          
IC4KETII              2   549.655     5.716     0.000     0.000     0.000          
IC4H6OH               2   502.2   5.356   1.8 0.0 1.0          
IC3H5CHO              2   436.4   5.352   0.0 0.0 1.0          
IC3H5CO               2   436.4   5.352   0.0 0.0 1.0          
IC4H7OOH              2   498.949     5.410     0.000     0.000     0.000          
TC3H6O2CHO            2   436.4   5.352   0.0 0.0 1.0          
C5H10-1               2   386.2   5.489   0.4 0.0 1.0          
C5H91-3               2   396.8   5.458   0.0 0.0 1.0          
C5H91-4               2   396.8   5.458   0.0 0.0 1.0          
C6H13O2-1             2   588.653     5.943     0.000     0.000     0.000          
NC4H9CHO              2   476.0   5.778   2.6 0.0 1.0          
NC7H16                2   459.6   6.253   0.0 0.0 1.0          
C7H14-1                2   457.8   6.173   0.3 0.0 1.0          
C7H14-2               2   457.8   6.173   0.3 0.0 1.0          
C7H14-3               2   457.8   6.173   0.3 0.0 1.0          
C7H132-4              2   457.8   6.173   0.3 0.0 1.0          
C7H15O2-1             2   561.0   6.317   1.7 0.0 1.0          
C7H15O2-2             2   561.0   6.317   1.7 0.0 1.0          
C7H15O2-3             2   561.0   6.317   1.7 0.0 1.0          
C7H15O2-4             2   561.0   6.317   1.7 0.0 1.0          
C7H14OOH1-3O2         2   600.6   7.229   1.8 0.0 1.0          
C7H14OOH2-3O2         2   600.6   7.229   1.8 0.0 1.0          
C7H14OOH2-4O2         2   600.6   7.229   1.8 0.0 1.0          
C7H14OOH4-2O2         2   600.6   7.229   1.8 0.0 1.0          
C7H14OOH4-3O2         2   600.6   7.229   1.8 0.0 1.0          
C7H14O1-3             2   511.5   6.297   0.0 0.0 1.0          
C7H14O2-4             2   511.5   6.297   0.0 0.0 1.0          
C7H14O3-5             2   511.5   6.297   0.0 0.0 1.0          
NC7KET13              2   581.3   6.506   2.0 0.0 1.0          
C4H7OOH1-4            2   523.2   5.664   1.7 0.0 1.0          
CH3CHCHO              2   387.860     4.687     0.000     0.000     0.000          
IC4H7-I1              2   380.022     4.633     0.000     0.000     0.000          
XC7H14                2   439.2   6.151   0.0 0.0 1.0          
YC7H14                2   439.2   6.151   0.0 0.0 1.0          
XC7H13-Z        2        541.5        5.674        1.8        0        1          
YC7H13-Y2        2        541.5        5.674        1.8        0        1          
YC7H15O2                2   561.0   6.317   1.7 0.0 1.0          
ACC6H10        2        430.1        5.833        0        0        1          
ACC6H9-A        2        430.1        5.833        0        0        1          
ACC6H9-D        2        430.1        5.833        0        0        1          
NEOC5H11              2   440.735     5.041     0.000     0.000     0.000          
TC4H9CHO                2   476.0   5.778   2.6 0.0 1.0          
IC8H18                2   458.5   6.414   0.0 0.0 1.0          
IC8H16                2   485.6   6.440   0.3 0.0 1.0          
JC8H16                2   485.6   6.440   0.3 0.0 1.0          
BC8H17O2                2   581.3   6.506   2.0 0.0 1.0          
CC8H17O2                2   581.3   6.506   2.0 0.0 1.0          
IC8ETERAB               2   581.3   6.506   2.0 0.0 1.0          
IC8ETERBD               2   581.3   6.506   2.0 0.0 1.0          
IC8KETDB               2   581.3   6.506   2.0 0.0 1.0          
iso002          2   581.3   6.506   2.0 0.0 1.0          
iso003          2   581.3   6.506   2.0 0.0 1.0          
iso004          2   581.3   6.506   2.0 0.0 1.0          
iso008          2   561.0   6.317   1.7 0.0 1.0          
iso010          2   600.6   7.229   1.8 0.0 1.0          
iso011          2   561.0   6.317   1.7 0.0 1.0          
iso014         2   581.3   6.506   2.0 0.0 1.0          
N2                 1    97.530     3.621     0.000     1.760     4.000          
END
